%YAML:1.0
---
size: !!opencv-matrix
   rows: 2
   cols: 1
   dt: d
   data: [ 640., 480. ]
K: !!opencv-matrix
   rows: 3
   cols: 3
   dt: d
   data: [ 7.6159209686584518e+02, 0., 3.2031427422505453e+02, 0.,
       7.6167321445963728e+02, 2.2467546927337131e+02, 0., 0., 1. ]
D: !!opencv-matrix
   rows: 1
   cols: 5
   dt: d
   data: [ 3.4834574885170888e-02, -5.5261651661983137e-02,
       5.7491952731614823e-04, -4.2764224824172658e-05,
       1.8477350140315381e-02 ]
