%YAML:1.0
---
size: !!opencv-matrix
   rows: 2
   cols: 1
   dt: d
   data: [ 640., 480. ]
K: !!opencv-matrix
   rows: 3
   cols: 3
   dt: d
   data: [ 7.6327773941976670e+02, 0., 2.8768149948082271e+02, 0.,
       7.6350419442870850e+02, 2.1897333598636970e+02, 0., 0., 1. ]
D: !!opencv-matrix
   rows: 1
   cols: 5
   dt: d
   data: [ 3.5020972475517692e-02, -4.0770660841280497e-02,
       -4.4231087565750534e-04, -1.0552562170995372e-03,
       -9.7749906830348537e-02 ]
