%YAML:1.0
---
size: !!opencv-matrix
   rows: 2
   cols: 1
   dt: d
   data: [ 640., 480. ]
K1: !!opencv-matrix
   rows: 3
   cols: 3
   dt: d
   data: [ 761.59209686584518, 0., 320.31427422505453, 0.,
       761.67321445963728, 224.67546927337131, 0., 0., 1. ]
D1: !!opencv-matrix
   rows: 1
   cols: 5
   dt: d
   data: [ 0.034834574885170888, -0.055261651661983137,
       0.00057491952731614823, -4.2764224824172658e-05,
       0.018477350140315381 ]
K2: !!opencv-matrix
   rows: 3
   cols: 3
   dt: d
   data: [ 763.2777394197667, 0., 287.68149948082271, 0.,
       763.5041944287085, 218.9733359863697, 0., 0., 1. ]
D2: !!opencv-matrix
   rows: 1
   cols: 5
   dt: d
   data: [ 0.035020972475517692, -0.040770660841280497,
       -0.00044231087565750534, -0.0010552562170995372,
       -0.097749906830348537 ]
R: !!opencv-matrix
   rows: 3
   cols: 3
   dt: d
   data: [ 0.99999370553015909, 0.00078563894769929476,
       0.0034600103331180543, -0.00079503161030644554,
       0.9999960007958002, 0.0027140960087277469, -0.0034578641962979551,
       -0.0027168297425190797, 0.99999033095892997 ]
T: !!opencv-matrix
   rows: 3
   cols: 1
   dt: d
   data: [ -60.005831654280108, 0.17046936851413422, 0.60300193955518422 ]
E: !!opencv-matrix
   rows: 3
   cols: 3
   dt: d
   data: [ -0.00011005432292807865, -0.60346266427786266,
       0.16883111508140705, 0.395506127131244, -0.16255188635368828,
       60.007337848371151, -0.1227617625319555, -60.005725606081441,
       -0.16345141396980975 ]
F: !!opencv-matrix
   rows: 3
   cols: 3
   dt: d
   data: [ -6.7249004443556547e-10, -3.6870829180573428e-06,
       0.0016143069164070672, 2.41603453806178e-06,
       -9.9287752877217097e-07, 0.27862430481376499,
       -0.0011014182421262982, -0.27856058871776646, 1. ]
R1: !!opencv-matrix
   rows: 3
   cols: 3
   dt: d
   data: [ 0.99997618811503475, -0.0020278175746898859,
       -0.0065962988719756137, 0.0020367747331502405,
       0.99999701253081286, 0.0013514725803485028, 0.0065935386258858504,
       -0.001364875574113642, 0.99997733092458463 ]
R2: !!opencv-matrix
   rows: 3
   cols: 3
   dt: d
   data: [ 0.99994547740035467, -0.002840725132568674,
       -0.010048507714980033, 0.0028270746224429168, 0.99999506206460087,
       -0.0013724050035594426, 0.010052356721483763,
       0.0013439222953164315, 0.99994857067611642 ]
P1: !!opencv-matrix
   rows: 3
   cols: 4
   dt: d
   data: [ 737.41440267594089, 0., 311.26280975341797, 0., 0.,
       737.41440267594089, 221.8978271484375, 0., 0., 0., 1., 0. ]
P2: !!opencv-matrix
   rows: 3
   cols: 4
   dt: d
   data: [ 737.41440267594089, 0., 311.26280975341797,
       -44251.57721744234, 0., 737.41440267594089, 221.8978271484375, 0.,
       0., 0., 1., 0. ]
Q: !!opencv-matrix
   rows: 4
   cols: 4
   dt: d
   data: [ 1., 0., 0., -311.26280975341797, 0., 1., 0.,
       -221.8978271484375, 0., 0., 0., 737.41440267594089, 0., 0.,
       0.016664138298448702, 0. ]
